generation_date,generation_hour,forecast_date,forecast_hour,tide_height,surf_min,surf_max,surf_optimal_score,wind_direction,wind_speed,wind_gust,temperature,swell_1_height,swell_1_direction,swell_1_swell_min_direction,swell_1_period,swell_1_optimal_score,swell_2_height,swell_2_direction,swell_2_swell_min_direction,swell_2_period,swell_2_optimal_score,swell_3_height,swell_3_direction,swell_3_swell_min_direction,swell_3_period,swell_3_optimal_score,swell_4_height,swell_4_direction,swell_4_swell_min_direction,swell_4_period,swell_4_optimal_score,swell_5_height,swell_5_direction,swell_5_swell_min_direction,swell_5_period,swell_5_optimal_score,swell_6_height,swell_6_direction,swell_6_swell_min_direction,swell_6_period,swell_6_optimal_score
02-17-2022,23,02-18-2022,0,8.6,2.115485,3.124015,2,200,29.632,44.448,11.11111111111111,9.11814,173.07886,158.47521,8,0,0,0,0,0,0,0,0,0,0,0,0,0,0,0,0,0,0,0,0,0,0,0,0,0,0
02-17-2022,23,02-18-2022,3,4.14,3.05479125,4.06545375,2,190,33.336,51.856,11.11111111111111,12.98324,176.66791,161.33349,8,0,0,0,0,0,0,0,0,0,0,0,0,0,0,0,0,0,0,0,0,0,0,0,0,0,0
02-17-2022,23,02-18-2022,6,0.25,3.2723075,4.252292499999999,2,200,44.448,68.524,11.666666666666666,14.51837,178.47998,162.86909,9,0,0,0,0,0,0,0,0,0,0,0,0,0,0,0,0,0,0,0,0,0,0,0,0,0,0
02-17-2022,23,02-18-2022,9,5.04,4.01476375,4.9968812499999995,2,210,48.152,79.636,11.666666666666666,13.42887,173.84473,156.689425,10,0,0,0,0,0,0,0,0,0,0,0,0,0,0,0,0,0,0,0,0,0,0,0,0,0,0
02-17-2022,23,02-18-2022,12,9.45,2.39501,3.41207,2,210,40.744,64.82,11.666666666666666,9.53514,162.3714,150.610255,10,0,0,0,0,0,0,0,0,0,0,0,5.31923,276.159,261.90052,5,0,0,0,0,0,0,0,0,0,0,0
02-17-2022,23,02-18-2022,15,5.01,1.24672,2.23097,2,290,37.04,53.708,6.111111111111111,6.72218,156.23932,147.780375,11,0,0,0,0,0,0,0,0,0,0,0,5.55784,282.97015,267.193475,5,0,0,0,0,0,0,0,0,0,0,0
02-17-2022,23,02-18-2022,18,-0.32,0.75459,1.77165,0,300,35.188,53.708,2.7777777777777777,4.63501,152.44556,144.306275,11,0,0,0,0,0,0,0,0,0,0,0,5.10367,288.94189,273.31593,5,0,0.81234,21.33539,14.975999999999999,5,0,0,0,0,0,0
02-17-2022,23,02-18-2022,21,3.48,0.75459,1.77165,0,310,33.336,44.448,0.5555555555555556,3.80689,151.05713,143.170505,11,0,0.91759,119.4704,115.09591999999999,13,0,0,0,0,0,0,4.15604,290.45184,276.06838,5,0,1.64836,18.64755,11.916049999999998,6,0,0,0,0,0,0
02-17-2022,23,02-19-2022,0,8.77,0.85302,1.83727,0,310,25.928,38.892,-2.2222222222222223,3.59718,148.69769,140.439305,11,0,0.87602,116.19427,112.292745,13,0,0,0,0,0,0,2.7648,289.45764,275.40697,4,0,1.57999,19.67657,12.598390000000002,5,0,0,0,0,0,0
02-17-2022,23,02-19-2022,3,5.65,0.91864,1.90289,0,320,18.52,29.632,-4.444444444444445,3.5375,147.08392,138.685045,11,0,0.86086,117.75983,113.369075,12,0,0,0,0,0,0,1.70594,286.45154,272.38764000000003,4,0,1.11063,21.47168,12.71722,5,0,0.42861,29.90622,24.989175000000003,6,0
02-17-2022,23,02-19-2022,6,0.12,1.01706,2.00131,2,320,11.112,18.52,-6.111111111111111,3.66181,143.77219,134.860015,11,0,0,0,0,0,0,0.93481,269.65466,252.46722499999998,3,0,0,0,0,0,0,0.80781,27.79901,17.40712,4,0,0.19554,35.78107,31.011045,6,0
02-17-2022,23,02-19-2022,9,3.37,1.08268,2.06693,2,260,11.112,14.816,-6.111111111111111,3.63032,142.27179,133.413125,10,0,0,0,0,0,0,0,0,0,0,0,2.28015,206.31812,192.121805,3,0,0.44478,32.08521,21.772769999999994,4,0,0,0,0,0,0
02-17-2022,23,02-19-2022,12,9.15,1.11549,2.09974,2,190,9.26,16.668,-5.555555555555555,3.43238,140.42407,131.575785,10,0,0,0,0,0,0,0,0,0,0,0,3.94603,205.33868,188.55275500000002,5,0,0,0,0,0,0,0,0,0,0,0
02-17-2022,23,02-19-2022,15,6.53,1.08268,2.09974,2,200,16.668,27.78,-1.1111111111111112,3.1919,138.81433,130.17231500000003,10,1,0,0,0,0,0,0,0,0,0,0,4.66604,208.63263,190.146925,5,0,0,0,0,0,0,0,0,0,0,0
02-17-2022,23,02-19-2022,18,0.08,1.01706,2.00131,2,210,22.224,37.04,1.6666666666666667,3.04085,137.88751,129.6105,9,1,2.49275,157.89642,152.05813,7,0,3.66932,260.26697,245.99741500000002,5,0,0,0,0,0,0,0,0,0,0,0,2.49908,193.81689,187.95215,6,0
02-17-2022,23,02-19-2022,21,2.18,0.88583,1.90289,0,250,25.928,40.744,2.2222222222222223,0,0,0,0,0,0,0,0,0,0,0,0,0,0,0,4.56368,293.50427,279.49100500000003,5,0,0,0,0,0,0,3.94229,156.81177,142.26326,9,0
02-17-2022,23,02-20-2022,0,8.47,0.65617,1.64042,0,290,29.632,46.3,-1.1111111111111112,2.85492,142.65576,133.43175499999998,9,0,0,0,0,0,0,0,0,0,0,0,5.13829,294.56738,278.50615500000004,5,0,0,0,0,0,0,0,0,0,0,0
02-17-2022,23,02-20-2022,3,7.13,0.49213,1.50919,0,300,29.632,46.3,-3.3333333333333335,2.39708,138.98126,130.67877,9,0,0,0,0,0,0,0,0,0,0,0,5.40157,305.00452,288.941975,5,0,0,0,0,0,0,0,0,0,0,0
02-17-2022,23,02-20-2022,6,0.67,0.42651,1.41076,0,300,29.632,46.3,-5,2.14921,137.37543,129.27049,9,0,0,0,0,0,0,0.26932,20,20,6,0,3.7731,316.46228,297.597905,5,0,0,0,0,0,0,0,0,0,0,0
02-17-2022,23,02-20-2022,9,1.78,0.36089,1.34514,0,300,24.076,37.04,-7.222222222222222,1.96391,135.9632,127.90196,9,0,2.34885,19.18317,10.69696,5,0,0,0,0,0,0,0,0,0,0,0,1.7085,290.80511,275.77842000000004,4,0,0,0,0,0,0
02-17-2022,23,02-20-2022,12,8.2,0.36089,1.34514,0,300,16.668,27.78,-7.777777777777778,1.83353,133.62939,125.543965,9,0,1.78802,23.65472,13.347805000000001,5,0,0,0,0,0,0,0,0,0,0,0,0.76358,274.20367,258.65389999999996,3,0,0,0,0,0,0
02-17-2022,23,02-20-2022,15,7.78,0.3937,1.37795,0,270,14.816,24.076,-5,0.48415,45.38562,41.238105000000004,7,0,1.26339,31.10962,20.34118,5,0,1.73839,130.37286,122.40258,10,0,0.91916,230.94806,218.89890499999998,2,0,0,0,0,0,0,0,0,0,0,0
02-17-2022,23,02-20-2022,18,1.13,0.3937,1.37795,0,230,11.112,20.372,-1.1111111111111112,0,0,0,0,0,0.83317,41.06165,31.756880000000002,5,0,1.66053,127.25641,119.5635,10,0,0,0,0,0,0,0,0,0,0,0,2.19154,206.43671,192.738605,3,0
02-17-2022,23,02-20-2022,21,1.06,0.36089,1.37795,0,220,16.668,27.78,0.5555555555555556,0.24262,53.68317,48.744029999999995,6,0,0.325,51.41968,43.468135,5,0,1.54934,124.4552,117.21871,10,0,0,0,0,0,0,0,0,0,0,0,4.72546,212.26837,197.158215,5,0
02-17-2022,23,02-21-2022,0,7.57,0.32808,1.31234,0,210,22.224,37.04,-1.1111111111111112,0.25089,55.46149,50.584559999999996,6,0,0,0,0,0,0,1.4042,122.13928,115.397665,10,0,0,0,0,0,0,0,0,0,0,0,6.27553,210.77026,195.72396500000002,6,0
02-17-2022,23,02-21-2022,3,8.37,0.29528,1.27953,0,220,24.076,37.04,-1.1111111111111112,0,0,0,0,0,0,0,0,0,0,1.26184,119.87231,112.657775,10,0,0,0,0,0,0,0,0,0,0,0,6.13307,208.17566,192.179535,6,0
02-17-2022,23,02-21-2022,6,1.98,0.22966,1.21391,0,220,24.076,38.892,0,0,0,0,0,0,0,0,0,0,0,1.17021,120.51038,113.466955,10,0,0,0,0,0,0,0,0,0,0,0,5.62828,208.24634,191.31239,6,0
02-17-2022,23,02-21-2022,9,0.54,0.13123,1.14829,0,230,22.224,35.188,0,0,0,0,0,0,0,0,0,0,0,1.02323,117.75378,111.30473,10,0,0,0,0,0,0,0,0,0,0,0,5.19108,208.12732,190.76896,6,0
02-17-2022,23,02-21-2022,12,6.57,0.06562,1.08268,0,230,18.52,31.484,0,0,0,0,0,0,0,0,0,0,0,0.9643,117.30756,110.74219,10,0,0,0,0,0,0,0,0,0,0,0,4.31404,205.4671,188.28778499999999,6,0
02-17-2022,23,02-21-2022,15,8.53,0.03281,1.01706,0,230,18.52,31.484,4.444444444444445,0,0,0,0,0,0,0,0,0,0,0.96949,117.98315,111.09081499999999,10,0,0,0,0,0,0,0,0,0,0,0,3.02051,196.7395,180.656675,5,0
02-17-2022,23,02-21-2022,18,2.77,0.03281,1.01706,0,230,18.52,31.484,8.88888888888889,0,0,0,0,0,0,0,0,0,0,0.98461,117.92218,110.94342,10,0,0,0,0,0,0,0,0,0,0,0,2.18681,189.19568,173.51632,5,0
02-17-2022,23,02-21-2022,21,0.35,0.03281,1.01706,0,230,14.816,25.928,8.333333333333334,0,0,0,0,0,0,0,0,0,0,1.00272,117.5166,110.616185,10,0,0.66808,278.56201,268.24778499999996,2,0,0,0,0,0,0,1.6648,175.80402,164.44214,5,0
02-17-2022,23,02-22-2022,0,6.1,0.06562,1.04987,0,230,11.112,20.372,4.444444444444445,0.3601,247.2099,242.84779500000002,3,0,0.52116,295.14563,285.214595,2,0,1.06483,118.76178,111.43618000000001,11,0,0,0,0,0,0,0,0,0,0,0,1.39931,170.50671,160.50477,5,0
02-17-2022,23,02-22-2022,3,9.16,0.52493,1.54199,0,270,9.26,16.668,2.7777777777777777,0.16965,246.71619,242.358155,2,0,0.16818,282.41101,277.896755,2,0,1.16181,121.77435,113.044195,11,0,0,0,0,0,0,2.15781,46.98035,33.832725,3,0,1.09216,167.96234,159.02828000000002,5,0
02-17-2022,23,02-22-2022,6,3.89,2.49344,3.47769,2,300,7.408,12.964,1.6666666666666667,0,0,0,0,0,0,0,0,0,0,0,0,0,0,0,0,0,0,0,0,4.71332,66.14581,50.384445,5,0,0.64393,166.15308,159.46547999999999,5,0
02-17-2022,23,02-22-2022,9,-0.06,3.77297,4.75722,2,0,9.26,16.668,1.1111111111111112,0,0,0,0,0,0,0,0,0,0,1.14764,119.40256,112.90601,11,0,0,0,0,0,0,6.14534,68.66284,53.879825000000004,6,0,0,0,0,0,0
02-17-2022,23,02-22-2022,12,4.51,4.16667,5.18373,2,50,11.112,20.372,0.5555555555555556,0,0,0,0,0,0,0,0,0,0,1.04836,118.35529,111.740085,11,0,0,0,0,0,0,6.33366,73.97675,58.956424999999996,6,0,0,0,0,0,0
02-17-2022,23,02-22-2022,15,8.58,4.39633,5.38058,2,60,14.816,25.928,3.3333333333333335,0,0,0,0,0,0,0,0,0,0,0,0,0,0,0,0,0,0,0,0,6.38337,81.10657,65.25102000000001,7,0,0,0,0,0,0
02-17-2022,23,02-22-2022,18,4.67,4.49475,5.51181,2,70,18.52,31.484,5,0,0,0,0,0,0,0,0,0,0,0,0,0,0,0,0,0,0,0,0,6.42966,88.65253,71.755735,7,2,0,0,0,0,0
02-17-2022,23,02-22-2022,21,0.29,3.05118,4.03543,2,120,18.52,29.632,5.555555555555555,3.61355,62.10406,55.23314,7,0,0,0,0,0,0,1.65817,116.22781,109.40681000000001,9,0,5.1627,124.27475,108.789845,7,1,0,0,0,0,0,0,0,0,0,0
